{
  "advancedEditorSelectedIdentifier" : "ProjectBrowser",
  "openSceneRelativePaths" : [
    "Scene.usda"
  ],
  "recentIdentifiers" : {

  },
  "sceneCameraHistory" : {
    "5B2B19FA-C8B8-4D06-9E01-71DE47181239" : [
      {
        "date" : 733468033.321042,
        "title" : "Untitled",
        "transform" : [
          0.6435663,
          5.838476e-09,
          -0.7653904,
          0,
          -0.067298956,
          0.9961269,
          -0.056587283,
          0,
          0.7624259,
          0.08792758,
          0.64107364,
          0,
          1.7251933,
          0.3896628,
          0.6596373,
          1
        ]
      },
      {
        "date" : 733468025.069523,
        "title" : "Untitled",
        "transform" : [
          -0.4108593,
          7.846495e-09,
          -0.9116988,
          0,
          -0.17304625,
          0.9818216,
          0.07798368,
          0,
          0.89512557,
          0.1898063,
          -0.40339044,
          0,
          1.1996675,
          0.57331187,
          -1.3292509,
          1
        ]
      },
      {
        "date" : 733468023.571244,
        "title" : "Untitled",
        "transform" : [
          -0.6189634,
          -1.3579616e-09,
          -0.7854198,
          0,
          0.03071145,
          0.9992353,
          -0.02420272,
          0,
          0.78481925,
          -0.03910206,
          -0.61849004,
          0,
          0.8934897,
          0.1631659,
          -1.6487944,
          1
        ]
      },
      {
        "date" : 733468015.097499,
        "title" : "Untitled",
        "transform" : [
          -0.6800127,
          4.2983217e-09,
          0.7332003,
          0,
          0.30574703,
          0.9089049,
          0.28356767,
          0,
          -0.6664094,
          0.41700342,
          -0.618067,
          0,
          -1.7134608,
          0.96736795,
          -0.45019186,
          1
        ]
      },
      {
        "date" : 733467999.474991,
        "title" : "Untitled",
        "transform" : [
          0.984457,
          1.972139e-09,
          -0.17562576,
          0,
          -0.03495952,
          0.9799879,
          -0.19596305,
          0,
          0.17211102,
          0.19905694,
          0.9647559,
          0,
          0.879481,
          0.60188484,
          1.5560989,
          1
        ]
      },
      {
        "date" : 733467994.214328,
        "title" : "Untitled",
        "transform" : [
          0.9726431,
          1.6552075e-09,
          0.23230483,
          0,
          0.04009589,
          0.98499185,
          -0.16787848,
          0,
          -0.22881842,
          0.17260025,
          0.9580455,
          0,
          0.19798197,
          0.55745476,
          1.8278944,
          1
        ]
      },
      {
        "date" : 733467986.037102,
        "title" : "Untitled",
        "transform" : [
          1,
          0,
          0,
          0,
          0,
          0.8660254,
          -0.5,
          0,
          0,
          0.5,
          0.8660254,
          0,
          0.60159564,
          1.8284253,
          2.6993206,
          1
        ]
      },
      {
        "date" : 733467976.162526,
        "title" : "Untitled",
        "transform" : [
          1,
          0,
          -0,
          0,
          -0,
          0.8660254,
          -0.5,
          0,
          0,
          0.5,
          0.8660254,
          0,
          0,
          0.20273437,
          0.35114622,
          1
        ]
      }
    ]
  }
}